0e47126559819116.jpg:[662, 224, 124, 290, 1]
f291d677045b5a38.jpg:[113, 86, 408, 206, 1]
0c4ba131f41e2176.jpg:[24, 73, 80, 686, 1]
0c697169b1207217.jpg:[112, 337, 443, 686, 1]
0e527e05c80b2555.jpg:[29, 119, 307, 811, 1], [338, 119, 299, 818, 1]
0dd1c9c6a34eba7c.jpg:[438, 505, 97, 263, 1], [539, 506, 132, 262, 1]
088f1b6d8222a73b.jpg:[925, 5, 99, 396, 1]
0d48650c19108b75.jpg:[264, 19, 512, 574, 1]
0bb4903984e44915.jpg:[167, 90, 108, 325, 1], [87, 108, 86, 279, 1]
0ce502937920c74a.jpg:[495, 4, 147, 160, 1], [0, 9, 233, 237, 1]
0e9cc189512f1913.jpg:[541, 708, 39, 304, 1], [581, 732, 29, 273, 1], [274, 674, 16, 270, 1]
0eb1595ccaca0013.jpg:[164, 179, 195, 464, 1]
00bfcd25320fd354.jpg:[684, 32, 220, 514, 1]
000c66e044e850f7.jpg:[816, 458, 20, 99, 1]
66fa65d19adaa351.jpg:[7, 9, 617, 657, 1]
0c2273e5f9ab0e67.jpg:[192, 32, 228, 566, 1]
0e4d682bd3970dc1.jpg:[310, 87, 69, 255, 1], [379, 87, 81, 281, 1]
00ce3c2f4657457f.jpg:[282, 195, 422, 482, 1]
0cbe9775007a3f53.jpg:[481, 309, 65, 278, 1]
0d238ce3cf35573d.jpg:[435, 394, 127, 230, 1]
0c6d76c010c29ef5.jpg:[472, 214, 156, 807, 1]
0e2208875afa89ca.jpg:[447, 911, 139, 113, 1]
0e271dcff55afea7.jpg:[301, 164, 192, 582, 1], [498, 164, 252, 590, 1]
0d3dfbc4ebcd01be.jpg:[452, 163, 29, 683, 1]
000d9c77f5749561.jpg:[433, 416, 46, 109, 1]
0be48767aff43b0b.jpg:[887, 208, 46, 469, 1], [510, 238, 63, 268, 1]
0d1b8d2541c99a0a.jpg:[312, 459, 200, 224, 1], [533, 471, 235, 212, 1]
0c7af5598adff074.jpg:[297, 4, 206, 207, 1], [510, 9, 222, 217, 1]
0dbbd004c90cddf6.jpg:[455, 372, 49, 211, 1], [0, 382, 62, 277, 1], [950, 341, 37, 181, 1]
a4de19b855aea878.jpg:[601, 92, 158, 479, 1], [775, 93, 146, 437, 1], [268, 109, 242, 511, 1], [13, 117, 250, 552, 1]
0ccca12b5aaa0ebc.jpg:[407, 119, 82, 559, 1]
0e04873f64e61c1d.jpg:[508, 487, 39, 135, 1], [553, 479, 52, 152, 1], [94, 488, 26, 105, 1]
0d02acee5a7d169c.jpg:[436, 272, 72, 235, 1], [508, 278, 65, 249, 1]
0c9c9892fcebeea9.jpg:[88, 125, 272, 859, 1], [384, 95, 297, 901, 1]
0df12f74a8fcc05e.jpg:[384, 140, 152, 842, 1], [198, 119, 155, 846, 1]
56a4134de515693b.jpg:[60, 22, 658, 642, 1]
0c0edea113b641c3.jpg:[181, 289, 76, 187, 1], [246, 298, 70, 179, 1]
0ce830f1e03e9ec3.jpg:[535, 366, 116, 235, 1], [387, 449, 21, 300, 1]
0c62ce6c7096f295.jpg:[315, 509, 67, 185, 1], [955, 502, 69, 179, 1]
0bc9d9520fed2dee.jpg:[605, 354, 30, 162, 1]
00bfeaa4a297dd65.jpg:[370, 102, 177, 562, 1]
57da1fb96266fe9d.jpg:[7, 19, 439, 724, 1], [471, 38, 294, 730, 1]
0c8ebd9431edd552.jpg:[277, 859, 101, 164, 1], [382, 860, 112, 164, 1]
0da7328a8d12180f.jpg:[386, 272, 106, 409, 1]
0d5fc81161830bb0.jpg:[205, 32, 180, 595, 1], [720, 41, 137, 501, 1]
0dbae2ad6cb64fbe.jpg:[359, 534, 22, 443, 1]
0cec029cb5070405.jpg:[404, 295, 160, 420, 1]
0c6ebfa015012398.jpg:[323, 335, 68, 230, 1], [406, 343, 73, 207, 1], [860, 359, 52, 147, 1]
0ce5be35e1140b92.jpg:[305, 391, 96, 372, 1], [409, 396, 95, 356, 1], [220, 408, 82, 362, 1], [114, 402, 80, 360, 1]
0e04b7fb9fa3c60c.jpg:[276, 775, 17, 119, 1], [329, 779, 47, 117, 1]
0d6d7ccce3428409.jpg:[178, 664, 44, 175, 1], [224, 652, 49, 185, 1], [420, 668, 52, 145, 1], [469, 668, 52, 155, 1]
8c403c2bca23f224.jpg:[831, 103, 122, 544, 1]
0ecd790e25be8411.jpg:[629, 314, 89, 230, 1], [720, 327, 92, 221, 1], [309, 315, 89, 220, 1], [216, 317, 90, 213, 1]
0e872e10f2531364.jpg:[308, 611, 96, 201, 1]
0d5fe284d37c8c1c.jpg:[458, 49, 40, 391, 1]
000cf08de329f81b.jpg:[499, 466, 144, 302, 1]
0e59af35fd02431a.jpg:[387, 386, 61, 172, 1], [878, 344, 53, 221, 1], [927, 350, 57, 203, 1]
0e5a7c9a1bba1740.jpg:[395, 278, 143, 672, 1]
0eb80289f63b0ea0.jpg:[311, 316, 36, 87, 1]
0df8cb86b756c8b6.jpg:[329, 249, 150, 473, 1], [167, 260, 151, 484, 1]
0e87814cbe9dd3c6.jpg:[202, 574, 84, 245, 1]
0c4acd50c4430066.jpg:[422, 669, 51, 148, 1], [477, 669, 58, 148, 1], [348, 669, 48, 147, 1], [290, 669, 51, 151, 1]
0cc3d0c94666272e.jpg:[30, 275, 92, 447, 1]
0ca97b08bb473346.jpg:[355, 364, 69, 151, 1]
0dc08fe92b930864.jpg:[381, 182, 60, 206, 1], [320, 186, 54, 196, 1]
0bf4138d0f052cf6.jpg:[371, 777, 47, 225, 1], [424, 782, 51, 200, 1]
0be9159e4b4bc747.jpg:[350, 138, 235, 530, 1], [114, 135, 214, 529, 1]
0dba02f50f63b974.jpg:[269, 154, 69, 449, 1]
0df58ceea75be1cd.jpg:[461, 432, 57, 135, 1]
0d120a5f5b1011d1.jpg:[318, 89, 75, 573, 1], [376, 73, 104, 557, 1]
0d61ee61e82202fe.jpg:[361, 600, 52, 254, 1], [418, 603, 58, 254, 1]
0c134d543aa58495.jpg:[303, 797, 55, 158, 1], [361, 806, 49, 152, 1]
0ca1db52353feee8.jpg:[213, 139, 48, 502, 1], [907, 229, 26, 301, 1]
0bf588f9e87c71ff.jpg:[476, 395, 39, 141, 1], [515, 400, 41, 144, 1]
0ca5149ec7da08e1.jpg:[318, 273, 103, 286, 1]
0c60baa351dbaaf3.jpg:[316, 488, 59, 168, 1], [877, 496, 43, 142, 1]
0dee4c4650d50ef0.jpg:[731, 315, 140, 485, 1]
0bda614ac5f8d5bb.jpg:[504, 317, 235, 661, 1], [285, 328, 194, 637, 1]
0d5c075e91b9309e.jpg:[328, 219, 88, 373, 1]
0e251034924e90e6.jpg:[94, 392, 178, 481, 1], [6, 439, 82, 343, 1]
0ca1e90f230f7fee.jpg:[375, 395, 187, 373, 1]
00cbc7f343eb90ec.jpg:[534, 319, 66, 145, 1]
25d512338c0d8027.jpg:[525, 28, 492, 654, 1], [20, 36, 479, 647, 1]
0ed2e0651308a1e2.jpg:[217, 490, 63, 255, 1], [150, 486, 65, 269, 1]
0ca88a8d6927a8db.jpg:[718, 449, 152, 319, 1]
0c21d3029041dcca.jpg:[903, 622, 53, 146, 1]
0e36f05b301e8b6d.jpg:[327, 395, 91, 183, 1], [418, 396, 91, 177, 1], [575, 390, 104, 168, 1], [675, 393, 78, 174, 1], [825, 387, 85, 170, 1], [900, 385, 107, 177, 1], [78, 404, 82, 167, 1], [166, 393, 86, 172, 1]
0d21891a9b98ee85.jpg:[219, 293, 24, 237, 1]
0de53728ccfe3ef6.jpg:[303, 517, 85, 118, 1], [395, 513, 72, 136, 1]
0cda6729b57a32e6.jpg:[205, 510, 290, 175, 1], [523, 508, 264, 176, 1]
00cb40d7ea24aa3b.jpg:[566, 704, 86, 217, 1], [2, 556, 101, 325, 1]
0d065e63cc8f31f6.jpg:[471, 281, 128, 357, 1]
0d95e4d82e5ff70a.jpg:[113, 29, 373, 857, 1], [497, 66, 366, 835, 1]
0e5136e572fda862.jpg:[558, 410, 173, 358, 1]
000ceb7c62a21547.jpg:[162, 470, 41, 114, 1]
0cbefb4eef9e1f02.jpg:[259, 268, 115, 495, 1], [376, 258, 114, 478, 1]
0cda59918e7dee1c.jpg:[648, 389, 116, 255, 1], [211, 323, 33, 278, 1], [921, 354, 95, 314, 1]
000e80d9cf37daf3.jpg:[577, 641, 170, 127, 1]
0bb80f98e936566d.jpg:[892, 22, 132, 563, 1]
0d9a27555510c6c2.jpg:[2, 203, 161, 322, 1], [971, 206, 52, 260, 1]
c53fe42427abd793.jpg:[559, 106, 121, 917, 1]
